       1       2.2444
       2       2.2092
       3       2.1890
       4       2.1932
       5       2.1982
       6       2.2291
       7       2.1809
       8       2.2010
       9       2.2282
      10       2.2165
      11       2.2079
      12       2.1915
      13       2.2155
      14       2.2229
      15       2.2186
      16       2.1757
      17       2.2206
      18       2.2144
      19       2.1859
      20       2.2237
      21       2.2188
      22       2.1772
      23       2.2069
      24       2.2189
      25       2.1946
      26       2.2136
      27       2.1992
      28       2.2310
      29       2.1950
      30       2.1973
      31       2.2189
      32       2.2003
      33       2.2150
      34       2.1784
      35       2.1918
      36       2.2414
      37       2.1771
      38       2.1965
      39       2.2235
      40       2.2024
      41       2.1772
      42       2.2177
      43       2.2185
      44       2.1682
      45       2.2211
      46       2.2037
      47       2.1991
      48       2.1937
      49       2.2323
      50       2.1982
      51       2.1713
      52       2.2193
      53       2.2033
      54       2.1843
      55       2.1872
      56       2.2098
      57       2.1923
      58       2.1637
      59       2.2199
      60       2.2082
      61       2.2037
      62       2.1822
      63       2.2194
      64       2.2323
      65       2.1784
      66       2.1838
      67       2.2121
      68       2.1824
      69       2.1709
      70       2.2314
      71       2.1984
      72       2.1555
      73       2.2062
      74       2.1885
      75       2.1898
      76       2.2051
      77       2.1917
      78       2.1923
      79       2.2051
      80       2.2109
      81       2.1771
      82       2.1890
      83       2.2201
      84       2.1868
      85       2.1795
      86       2.2118
      87       2.1777
      88       2.1795
      89       2.2200
      90       2.1692
      91       2.1778
      92       2.2302
      93       2.1781
      94       2.1964
      95       2.2032
      96       2.1897
      97       2.2143
      98       2.2215
      99       2.1537
     100       2.1651
     101       2.2480
     102       2.1758
     103       2.1537
     104       2.2145
     105       2.2058
     106       2.1777
     107       2.1969
     108       2.2026
     109       2.1699
     110       2.1829
     111       2.2041
     112       2.1805
     113       2.1984
     114       2.1823
     115       2.1875
     116       2.1743
     117       2.2092
     118       2.1676
     119       2.1817
     120       2.1815
     121       2.1975
     122       2.1648
     123       2.1941
     124       2.1793
     125       2.1809
     126       2.1763
     127       2.2116
     128       2.1544
     129       2.2004
     130       2.1796
     131       2.1574
     132       2.1952
     133       2.1714
     134       2.1827
     135       2.2030
     136       2.1768
     137       2.1302
     138       2.2298
     139       2.1824
     140       2.1481
     141       2.1802
     142       2.2385
     143       2.1723
     144       2.1690
     145       2.1978
     146       2.1726
     147       2.1894
     148       2.1676
     149       2.1605
     150       2.1783
     151       2.2011
     152       2.1734
     153       2.1832
     154       2.1760
     155       2.1840
     156       2.1839
     157       2.1726
     158       2.2058
     159       2.1745
     160       2.1743
     161       2.1842
     162       2.1732
     163       2.1747
     164       2.1966
     165       2.1903
     166       2.1410
     167       2.1783
     168       2.1724
     169       2.1970
     170       2.1584
     171       2.1439
     172       2.2213
     173       2.1950
     174       2.1359
     175       2.1737
     176       2.1971
     177       2.1424
     178       2.1825
     179       2.1551
     180       2.1842
     181       2.1756
     182       2.1436
     183       2.1995
     184       2.1902
     185       2.1603
     186       2.1627
     187       2.1785
     188       2.1622
     189       2.1813
     190       2.1759
     191       2.1779
     192       2.1814
     193       2.1891
     194       2.1290
     195       2.2041
     196       2.1906
     197       2.1418
     198       2.1888
     199       2.1671
     200       2.1721
     201       2.1617
     202       2.1707
     203       2.1713
     204       2.1555
     205       2.1715
     206       2.1612
     207       2.1689
     208       2.1667
     209       2.1722
     210       2.1773
     211       2.1678
     212       2.1649
     213       2.1834
     214       2.1465
     215       2.1624
     216       2.1907
     217       2.1543
     218       2.1451
     219       2.1771
     220       2.1742
     221       2.1413
     222       2.1602
     223       2.1793
     224       2.1896
     225       2.1645
     226       2.1525
     227       2.1458
     228       2.1973
     229       2.1709
     230       2.1271
     231       2.1599
     232       2.1914
     233       2.1709
     234       2.1477
     235       2.1661
     236       2.1911
     237       2.1343
     238       2.2014
     239       2.1313
     240       2.1577
     241       2.1810
     242       2.1609
     243       2.1481
     244       2.1899
     245       2.1902
     246       2.1249
     247       2.1790
     248       2.1784
     249       2.1373
     250       2.1906
     251       2.1679
     252       2.1279
     253       2.1661
     254       2.1681
     255       2.1496
     256       2.1709
     257       2.1668
     258       2.1478
     259       2.1513
     260       2.1518
     261       2.1635
     262       2.1513
     263       2.1603
     264       2.1804
     265       2.1432
     266       2.1775
     267       2.1666
     268       2.1280
     269       2.1721
     270       2.2005
     271       2.1324
     272       2.1513
     273       2.1846
     274       2.1456
     275       2.1530
     276       2.1594
     277       2.1384
     278       2.1692
     279       2.1652
     280       2.1394
     281       2.1537
     282       2.1502
     283       2.1413
     284       2.1564
     285       2.1572
     286       2.1527
     287       2.1640
     288       2.1536
     289       2.1783
     290       2.1525
     291       2.1556
     292       2.1572
     293       2.1526
     294       2.1553
     295       2.1647
     296       2.1395
     297       2.1378
     298       2.1851
     299       2.1617
     300       2.1551
     301       2.1779
     302       2.1562
     303       2.1367
     304       2.1933
     305       2.1579
     306       2.1236
     307       2.1684
     308       2.1658
     309       2.1636
     310       2.1313
     311       2.1217
     312       2.1758
     313       2.1792
     314       2.1283
     315       2.1477
     316       2.1445
     317       2.1640
     318       2.1558
     319       2.1331
     320       2.1511
     321       2.1453
     322       2.1596
     323       2.1303
     324       2.1602
     325       2.1655
     326       2.1284
     327       2.1416
     328       2.1512
     329       2.1580
     330       2.1436
     331       2.1372
     332       2.1706
     333       2.1520
     334       2.1213
     335       2.1674
     336       2.1748
     337       2.1364
     338       2.0897
     339       2.1645
     340       2.1797
     341       2.1253
     342       2.1276
     343       2.1701
     344       2.1632
     345       2.1545
     346       2.1363
     347       2.1123
     348       2.1420
     349       2.1890
     350       2.1366
     351       2.1164
     352       2.1853
     353       2.1629
     354       2.1277
     355       2.1571
     356       2.1385
     357       2.1409
     358       2.1382
     359       2.1476
     360       2.1472
     361       2.1372
     362       2.1247
     363       2.1506
     364       2.1374
     365       2.1586
     366       2.1257
     367       2.1272
     368       2.1576
     369       2.1518
     370       2.1532
     371       2.1293
     372       2.1230
     373       2.1410
     374       2.1656
     375       2.1285
     376       2.1101
     377       2.1684
     378       2.1229
     379       2.1099
     380       2.1391
     381       2.1605
     382       2.1234
     383       2.1165
     384       2.1819
     385       2.1146
     386       2.1426
     387       2.1635
     388       2.1093
     389       2.1257
     390       2.1408
     391       2.1219
     392       2.1097
     393       2.1473
     394       2.1299
     395       2.1287
     396       2.1336
     397       2.1736
     398       2.1372
     399       2.1023
     400       2.1008
     401       2.1587
     402       2.1440
     403       2.1043
     404       2.1436
     405       2.1462
     406       2.1225
     407       2.1225
     408       2.1645
     409       2.1386
     410       2.1306
     411       2.1297
     412       2.1027
     413       2.1633
     414       2.1426
     415       2.1194
     416       2.1080
     417       2.1494
     418       2.1382
     419       2.1343
     420       2.1280
     421       2.1224
     422       2.1171
     423       2.1258
     424       2.1528
     425       2.1318
     426       2.1169
     427       2.1577
     428       2.1414
     429       2.1053
     430       2.1060
     431       2.1423
     432       2.1376
     433       2.1268
     434       2.1223
     435       2.1629
     436       2.1128
     437       2.1364
     438       2.1457
     439       2.1145
     440       2.1511
     441       2.1382
     442       2.0922
     443       2.1094
     444       2.1511
     445       2.1302
     446       2.1177
     447       2.1186
     448       2.1196
     449       2.1552
     450       2.1259
     451       2.1017
     452       2.1281
     453       2.1303
     454       2.1609
     455       2.1232
     456       2.1126
     457       2.1176
     458       2.1307
     459       2.1294
     460       2.1243
     461       2.1437
     462       2.1224
     463       2.1119
     464       2.1258
     465       2.1391
     466       2.1074
     467       2.1004
     468       2.1374
     469       2.1404
     470       2.1281
     471       2.0876
     472       2.1133
     473       2.1387
     474       2.1391
     475       2.1110
     476       2.1413
     477       2.1255
     478       2.1300
     479       2.1310
     480       2.0926
     481       2.1322
     482       2.1417
     483       2.1311
     484       2.1144
     485       2.1100
     486       2.1269
     487       2.1010
     488       2.1286
     489       2.1497
     490       2.1244
     491       2.0891
     492       2.1143
     493       2.1257
     494       2.1321
     495       2.1096
     496       2.1029
     497       2.1072
     498       2.1153
     499       2.1161
     500       2.1590
     501       2.0966
     502       2.0794
     503       2.1179
     504       2.1291
     505       2.1134
     506       2.1009
     507       2.1121
     508       2.1415
     509       2.0970
     510       2.1084
     511       2.1453
     512       2.1183
     513       2.1003
     514       2.1245
     515       2.1258
     516       2.1099
     517       2.1065
     518       2.1019
     519       2.1155
     520       2.1251
     521       2.1165
     522       2.1225
     523       2.1090
     524       2.0938
     525       2.1249
     526       2.1160
     527       2.1289
     528       2.0976
     529       2.1322
     530       2.1066
     531       2.1131
     532       2.1337
     533       2.1211
     534       2.0789
     535       2.1122
     536       2.1269
     537       2.1198
     538       2.0998
     539       2.1243
     540       2.1107
     541       2.0936
     542       2.1010
     543       2.1296
     544       2.1007
     545       2.1189
     546       2.1176
     547       2.1333
     548       2.0835
     549       2.1182
     550       2.1152
     551       2.1102
     552       2.1004
     553       2.0928
     554       2.1054
     555       2.0996
     556       2.1122
     557       2.1212
     558       2.1140
     559       2.1056
     560       2.0832
     561       2.1078
     562       2.1114
     563       2.0937
     564       2.1159
     565       2.1350
     566       2.0913
     567       2.0764
     568       2.1021
     569       2.1022
     570       2.1318
     571       2.0973
     572       2.0940
     573       2.0860
     574       2.1344
     575       2.1074
     576       2.0719
     577       2.0940
     578       2.1383
     579       2.1119
     580       2.0851
     581       2.1082
     582       2.0900
     583       2.1128
     584       2.1007
     585       2.1111
     586       2.1001
     587       2.0884
     588       2.0918
     589       2.1151
     590       2.0806
     591       2.1296
     592       2.1281
     593       2.0992
     594       2.0956
     595       2.1357
     596       2.0850
     597       2.0830
     598       2.1211
     599       2.1149
     600       2.0757
     601       2.0691
     602       2.1148
     603       2.1246
     604       2.0805
     605       2.0744
     606       2.1312
     607       2.1069
     608       2.0967
     609       2.0817
     610       2.1071
     611       2.1047
     612       2.1290
     613       2.0892
     614       2.0681
     615       2.1110
     616       2.0904
     617       2.0913
     618       2.0955
     619       2.1028
     620       2.0946
     621       2.0938
     622       2.0989
     623       2.0812
     624       2.1210
     625       2.0936
     626       2.0818
     627       2.1118
     628       2.1058
     629       2.1136
     630       2.0822
     631       2.0740
     632       2.1029
     633       2.1011
     634       2.0614
     635       2.0960
     636       2.1347
     637       2.1183
     638       2.0507
     639       2.0739
     640       2.1046
     641       2.1112
     642       2.0830
     643       2.0946
     644       2.0877
     645       2.0930
     646       2.0625
     647       2.0906
     648       2.1026
     649       2.0937
     650       2.0724
     651       2.0874
     652       2.1139
     653       2.0861
     654       2.0586
     655       2.0910
     656       2.1137
     657       2.0764
     658       2.0907
     659       2.0884
     660       2.0664
     661       2.0778
     662       2.0930
     663       2.0809
     664       2.0803
     665       2.0540
     666       2.0997
     667       2.1081
     668       2.0810
     669       2.0569
     670       2.0661
     671       2.0905
     672       2.1215
     673       2.0846
     674       2.0786
     675       2.0914
     676       2.0736
     677       2.0529
     678       2.0891
     679       2.1106
     680       2.0749
     681       2.0736
     682       2.1018
     683       2.0901
     684       2.0807
     685       2.0611
     686       2.0790
     687       2.0945
     688       2.0857
     689       2.0936
     690       2.0674
     691       2.0726
     692       2.0650
     693       2.0952
     694       2.1057
     695       2.0925
     696       2.0531
     697       2.0843
     698       2.0918
     699       2.0855
     700       2.0987
     701       2.0901
     702       2.0838
     703       2.0469
     704       2.0723
     705       2.0884
     706       2.1049
     707       2.0948
     708       2.0621
     709       2.0843
     710       2.0771
     711       2.0826
     712       2.0743
     713       2.0839
     714       2.0735
     715       2.1000
     716       2.0911
     717       2.0827
     718       2.0831
     719       2.0677
     720       2.0659
     721       2.1067
     722       2.0874
     723       2.0592
     724       2.0471
     725       2.0957
     726       2.0900
     727       2.0926
     728       2.0716
     729       2.0626
     730       2.0601
     731       2.0931
     732       2.0960
     733       2.0735
     734       2.0541
     735       2.0884
     736       2.0904
     737       2.0844
     738       2.0652
     739       2.0813
     740       2.0808
     741       2.0729
     742       2.0867
     743       2.0903
     744       2.0522
     745       2.0703
     746       2.0838
     747       2.0929
     748       2.0740
     749       2.0987
     750       2.0597
     751       2.0633
     752       2.0546
     753       2.0924
     754       2.0789
     755       2.0681
     756       2.0337
     757       2.0718
     758       2.1126
     759       2.0944
     760       2.0485
     761       2.0387
     762       2.0593
     763       2.0710
     764       2.0677
     765       2.0605
     766       2.0828
     767       2.0719
     768       2.0688
     769       2.0620
     770       2.0537
     771       2.0526
     772       2.0767
     773       2.0762
     774       2.0817
     775       2.0731
     776       2.0581
     777       2.0425
     778       2.0655
     779       2.0866
     780       2.0893
     781       2.0706
     782       2.0574
     783       2.0671
     784       2.0666
     785       2.0666
     786       2.0508
     787       2.0768
     788       2.0717
     789       2.0738
     790       2.0786
     791       2.0424
     792       2.0399
     793       2.0733
     794       2.0598
     795       2.0796
     796       2.0734
     797       2.0616
     798       2.0594
     799       2.0334
     800       2.0699
     801       2.0970
     802       2.0501
     803       2.0520
     804       2.0781
     805       2.0753
     806       2.0699
     807       2.0447
     808       2.0585
     809       2.0604
     810       2.0838
     811       2.0569
     812       2.0410
     813       2.0479
     814       2.0746
     815       2.0550
     816       2.0982
     817       2.0550
     818       2.0280
     819       2.0524
     820       2.0790
     821       2.0819
     822       2.0588
     823       2.0291
     824       2.0542
     825       2.0552
     826       2.0727
     827       2.0988
     828       2.0481
     829       2.0035
     830       2.0249
     831       2.0924
     832       2.0891
     833       2.0738
     834       2.0223
     835       2.0372
     836       2.0585
     837       2.0858
     838       2.0499
     839       2.0590
     840       2.0686
     841       2.0585
     842       2.0106
     843       2.0335
     844       2.0693
     845       2.0777
     846       2.0495
     847       2.0536
     848       2.0531
     849       2.0662
     850       2.0615
     851       2.0573
     852       2.0627
     853       2.0575
     854       2.0546
     855       2.0542
     856       2.0605
     857       2.0489
     858       2.0734
     859       2.0437
     860       2.0647
     861       2.0689
     862       2.0261
     863       2.0373
     864       2.0708
     865       2.0752
     866       2.0486
     867       2.0453
     868       2.0285
     869       2.0511
     870       2.0339
     871       2.0718
     872       2.0635
     873       2.0555
     874       2.0532
     875       2.0580
     876       2.0590
     877       2.0342
     878       2.0407
     879       2.0591
     880       2.0493
     881       2.0431
     882       2.0470
     883       2.0529
     884       2.0587
     885       2.0720
     886       2.0447
     887       2.0355
     888       2.0413
     889       2.0655
     890       2.0424
     891       2.0479
     892       2.0562
     893       2.0629
     894       2.0485
     895       2.0490
     896       2.0508
     897       2.0573
     898       2.0280
     899       2.0334
     900       2.0363
     901       2.0484
     902       2.0431
     903       2.0420
     904       2.0405
     905       2.0471
     906       2.0314
     907       2.0495
     908       2.0664
     909       2.0380
     910       2.0431
     911       2.0579
     912       2.0473
     913       2.0269
     914       2.0482
     915       2.0559
     916       2.0395
     917       2.0319
     918       2.0453
     919       2.0367
     920       2.0404
     921       2.0297
     922       2.0309
     923       2.0527
     924       2.0533
     925       2.0633
     926       2.0323
     927       2.0371
     928       2.0225
     929       2.0371
     930       2.0595
     931       2.0728
     932       2.0477
     933       2.0450
     934       2.0455
     935       2.0474
     936       2.0306
     937       2.0310
     938       2.0454
     939       2.0539
     940       2.0431
     941       2.0471
     942       2.0385
     943       2.0242
     944       2.0589
     945       2.0514
     946       2.0410
     947       2.0234
     948       2.0496
     949       2.0440
     950       2.0437
     951       2.0335
     952       2.0424
     953       2.0333
     954       2.0473
     955       2.0364
     956       2.0363
     957       2.0308
     958       2.0335
     959       2.0550
     960       2.0565
     961       2.0379
     962       2.0203
     963       2.0492
     964       2.0711
     965       2.0331
     966       2.0036
     967       1.9915
     968       2.0520
     969       2.0599
     970       2.0648
     971       2.0333
     972       2.0343
     973       2.0331
     974       2.0501
     975       2.0148
     976       2.0426
     977       2.0659
     978       2.0469
     979       2.0253
     980       2.0243
     981       2.0414
     982       2.0371
     983       2.0255
     984       2.0151
     985       2.0438
     986       2.0284
     987       2.0039
     988       2.0383
     989       2.0208
     990       2.0498
     991       2.0316
     992       2.0350
     993       2.0231
     994       2.0337
     995       2.0112
     996       2.0051
     997       2.0287
     998       2.0620
     999       2.0755
    1000       2.0161
    1001       1.9862
    1002       2.0148
    1003       2.0681
    1004       2.0637
    1005       2.0467
    1006       2.0153
    1007       2.0016
    1008       2.0208
    1009       2.0364
    1010       2.0606
    1011       2.0512
    1012       2.0268
    1013       2.0321
    1014       2.0270
    1015       2.0187
    1016       2.0134
    1017       2.0261
    1018       2.0399
    1019       2.0464
    1020       2.0261
    1021       2.0401
    1022       2.0217
    1023       2.0472
    1024       2.0400
    1025       2.0412
    1026       2.0116
    1027       2.0283
    1028       2.0309
    1029       2.0444
    1030       2.0254
    1031       2.0051
    1032       2.0286
    1033       2.0110
    1034       2.0367
    1035       2.0369
    1036       2.0242
    1037       2.0178
    1038       2.0581
    1039       2.0298
    1040       2.0130
    1041       2.0284
    1042       2.0420
    1043       2.0419
    1044       2.0186
    1045       2.0067
    1046       2.0070
    1047       2.0411
    1048       2.0577
    1049       2.0495
    1050       2.0069
    1051       1.9864
    1052       2.0011
    1053       2.0232
    1054       2.0222
    1055       2.0077
    1056       2.0056
    1057       2.0150
    1058       2.0081
    1059       2.0168
    1060       2.0324
    1061       2.0638
    1062       2.0444
    1063       2.0354
    1064       2.0192
    1065       2.0098
    1066       2.0002
    1067       1.9881
    1068       2.0097
    1069       2.0322
    1070       2.0414
    1071       2.0338
    1072       2.0162
    1073       2.0041
    1074       1.9971
    1075       2.0013
    1076       2.0198
    1077       2.0320
    1078       2.0222
    1079       2.0359
    1080       2.0312
    1081       2.0276
    1082       2.0191
    1083       1.9950
    1084       1.9830
    1085       1.9913
    1086       2.0218
    1087       2.0263
    1088       2.0303
    1089       2.0110
    1090       2.0059
    1091       2.0167
    1092       2.0011
    1093       2.0088
    1094       2.0019
    1095       2.0111
    1096       2.0164
    1097       2.0229
    1098       2.0157
    1099       2.0261
    1100       2.0148
    1101       1.9857
    1102       1.9748
    1103       1.9884
    1104       2.0217
    1105       2.0118
    1106       2.0129
    1107       2.0017
    1108       2.0258
    1109       2.0208
    1110       2.0223
    1111       2.0044
    1112       1.9951
    1113       2.0251
    1114       2.0508
    1115       2.0159
    1116       1.9761
    1117       1.9665
    1118       1.9881
    1119       2.0263
    1120       2.0449
    1121       2.0494
    1122       2.0351
    1123       2.0385
    1124       2.0323
    1125       2.0254
    1126       2.0011
    1127       1.9911
    1128       1.9850
    1129       1.9955
    1130       2.0074
    1131       2.0162
    1132       1.9992
    1133       2.0040
    1134       2.0265
    1135       2.0393
    1136       2.0339
    1137       2.0250
    1138       1.9915
    1139       2.0011
    1140       2.0124
    1141       2.0100
    1142       1.9825
    1143       1.9816
    1144       1.9962
    1145       2.0103
    1146       2.0209
    1147       2.0083
    1148       2.0162
    1149       2.0268
    1150       2.0151
    1151       2.0091
    1152       1.9857
    1153       2.0005
    1154       2.0028
    1155       2.0200
    1156       2.0086
    1157       1.9905
    1158       1.9848
    1159       2.0097
    1160       2.0251
    1161       1.9958
    1162       1.9964
    1163       2.0150
    1164       2.0271
    1165       2.0082
    1166       2.0088
    1167       1.9970
    1168       1.9888
    1169       1.9918
    1170       2.0206
    1171       1.9856
    1172       2.0235
    1173       2.0192
    1174       2.0192
    1175       2.0281
    1176       2.0262
    1177       2.0393
    1178       2.0159
    1179       1.9976
    1180       2.0038
    1181       2.0157
    1182       1.9981
    1183       1.9905
    1184       1.9869
    1185       1.9953
    1186       1.9883
    1187       1.9894
    1188       2.0080
    1189       2.0316
    1190       2.0100
    1191       2.0030
    1192       2.0007
    1193       1.9983
    1194       2.0155
    1195       2.0055
    1196       1.9741
    1197       1.9773
    1198       1.9996
    1199       2.0119
    1200       2.0022
    1201       2.0029
    1202       1.9769
    1203       1.9944
    1204       2.0095
    1205       2.0022
    1206       1.9934
    1207       1.9769
    1208       1.9748
    1209       1.9828
    1210       1.9800
    1211       2.0044
    1212       2.0240
    1213       1.9996
    1214       1.9888
    1215       1.9985
    1216       2.0098
    1217       2.0060
    1218       2.0109
    1219       1.9968
    1220       1.9770
    1221       1.9651
    1222       1.9678
    1223       2.0012
    1224       2.0248
    1225       2.0305
    1226       1.9920
    1227       1.9904
    1228       1.9618
    1229       1.9902
    1230       1.9930
    1231       1.9880
    1232       1.9916
    1233       1.9562
    1234       1.9860
    1235       1.9944
    1236       2.0111
    1237       2.0151
    1238       2.0056
    1239       1.9812
    1240       1.9676
    1241       1.9971
    1242       2.0141
    1243       1.9917
    1244       2.0074
    1245       2.0020
    1246       2.0020
    1247       1.9886
    1248       1.9766
    1249       1.9772
    1250       1.9964
    1251       2.0077
    1252       1.9756
    1253       1.9777
    1254       1.9660
    1255       1.9945
    1256       1.9741
    1257       1.9798
    1258       1.9831
    1259       1.9813
    1260       1.9821
    1261       1.9874
    1262       1.9845
    1263       1.9931
    1264       2.0002
    1265       1.9882
    1266       1.9757
    1267       1.9760
    1268       1.9793
    1269       2.0003
    1270       1.9964
    1271       1.9970
    1272       1.9902
    1273       1.9789
    1274       1.9947
    1275       1.9816
    1276       1.9915
    1277       2.0046
    1278       2.0057
    1279       1.9864
    1280       1.9842
    1281       2.0000
    1282       1.9854
    1283       1.9960
    1284       1.9914
    1285       2.0046
    1286       1.9986
    1287       1.9977
    1288       1.9962
    1289       2.0012
    1290       1.9928
    1291       1.9835
    1292       1.9665
    1293       1.9666
    1294       1.9710
    1295       2.0066
    1296       1.9805
    1297       1.9803
    1298       1.9820
    1299       1.9697
    1300       1.9943
    1301       1.9926
    1302       1.9975
    1303       1.9780
    1304       1.9752
    1305       1.9668
    1306       1.9518
    1307       1.9618
    1308       1.9830
    1309       1.9689
    1310       1.9703
    1311       1.9637
    1312       1.9733
    1313       1.9584
    1314       1.9643
    1315       1.9528
    1316       1.9829
    1317       1.9765
    1318       1.9931
    1319       1.9942
    1320       1.9812
    1321       1.9843
    1322       1.9816
    1323       1.9575
    1324       1.9847
    1325       1.9865
    1326       1.9894
    1327       1.9854
    1328       1.9694
    1329       1.9917
    1330       1.9637
    1331       1.9623
    1332       1.9604
    1333       1.9989
    1334       1.9790
    1335       1.9996
    1336       1.9723
    1337       1.9849
    1338       1.9782
    1339       1.9733
    1340       1.9604
    1341       1.9670
    1342       1.9804
    1343       1.9956
    1344       1.9825
    1345       1.9679
    1346       1.9559
    1347       1.9659
    1348       1.9665
    1349       1.9599
    1350       1.9628
    1351       1.9850
    1352       1.9911
    1353       1.9862
    1354       1.9719
    1355       1.9702
    1356       1.9693
    1357       1.9614
    1358       1.9709
    1359       1.9754
    1360       1.9847
    1361       1.9832
    1362       1.9718
    1363       1.9925
    1364       1.9872
    1365       1.9746
    1366       1.9781
    1367       1.9731
    1368       1.9655
    1369       1.9981
    1370       1.9701
    1371       1.9799
    1372       1.9674
    1373       1.9688
    1374       1.9612
    1375       1.9558
    1376       1.9740
    1377       1.9736
    1378       2.0068
    1379       1.9943
    1380       1.9884
    1381       1.9751
    1382       1.9862
    1383       1.9951
    1384       2.0026
    1385       1.9854
    1386       1.9964
    1387       1.9951
    1388       2.0064
    1389       2.0117
    1390       1.9816
    1391       2.0084
    1392       2.0067
    1393       2.0072
    1394       2.0066
    1395       1.9844
    1396       1.9773
    1397       1.9868
    1398       1.9976
    1399       2.0073
    1400       1.9865
    1401       1.9812
    1402       1.9846
    1403       1.9786
    1404       1.9762
    1405       1.9846
    1406       2.0051
    1407       1.9873
    1408       1.9773
    1409       1.9723
    1410       1.9712
    1411       1.9487
    1412       1.9860
    1413       1.9746
    1414       1.9744
    1415       1.9651
    1416       1.9712
    1417       1.9505
    1418       1.9689
    1419       1.9737
    1420       1.9727
    1421       1.9735
    1422       1.9742
    1423       1.9451
    1424       1.9568
    1425       1.9721
    1426       1.9729
    1427       1.9610
    1428       1.9604
    1429       1.9603
    1430       1.9614
    1431       1.9641
    1432       1.9698
    1433       1.9562
    1434       1.9531
    1435       1.9639
    1436       1.9657
    1437       1.9685
    1438       1.9621
    1439       1.9508
    1440       1.9674
    1441       1.9588
    1442       1.9650
    1443       1.9765
    1444       1.9654
    1445       1.9574
    1446       1.9577
    1447       1.9435
    1448       1.9592
    1449       1.9648
    1450       1.9897
